-1405.363530
2332.612555
11357.679395
-5734.699047
808.483762
12856.458342
85.469036
955.129921
35.003758
-7333.056272
-2024.201511
-326.187825
-6570.141434
2967.314295
505.721086
-680.177641
466.528882
1501.684475
-8900.733155
5685.603604
3289.530314
3831.009623
-303.479783
-586.407356
-4251.895756
1136.505214
-2675.469090
-1439.530997
1390.651482
-214.006478
-337.163065
-6095.762428
-3034.086886
53523.764764
-4171.268200
-2318.660245
-10652.079526
5767.914975
299.765227
-1001.181926
2960.899621
-2522.204050
1422.688522
-4976.012250
-2792.431240
263.523147
1885.969236
3087.061640
4417.035839
9200.432601
-1689.009425
1900.816832
693.730559
-2401.093771
-1337.879732
-1889.454172
3499.985617
2209.832492
4037.320379
-3038.755048
-3945.606888
809.187119
1.454813
-18582.467111
602.873883
492.453127
2233.680894
-11401.095015
5266.676043
-2854.622100
13406.459548
2077.119879
3390.992752
-3659.998936
-262.255823
1569.850913
3408.797933
1052.621767
-1005.119021
-822.534499
1001.249234
-2501.415076
-1933.504018
-3476.660192
-10.580410
-16970.249958
955.718456
1412.775455
4693.897740
1093.193787
326.551463
-6006.419065
-428.416374
-4748.971575
530.632634
7507.446089
-4364.162669
3261.909799
12665.327947
860.624524
-1253.812071
1453.758507
725.393450
-1732.467336
16124.606976
9009.356086
-1445.548911
-4864.917010
5503.293930
-18850.905193
-4137.876862
-67.844439
-1136.651225
9926.144452
274.860366
2067.014275
20.593297
3172.520244
542.644463
12689.178925
-2788.007174
23.314313
1315.717227
-20162.566396
-2819.665482
122.742497
2129.616268
-2069.819365
-1208.112629
-1007.553208
4332.579829
9799.455473
-1055.816109
45.836815
-5667.208447
468.097591
3642.960131
-559.531313
-971.696909
-378.838063
2173.624065
125.661756
535.880453
1803.922846
-1224.943981
13.730064
-3485.514575
3536.367693
742.079926
-14299.897360
-3141.045767
-1014.875199
12196.949014
-1514.928038
3645.879374
2850.001764
2880.708824
-2725.708033
-64.953840
409.845031
-6320.854808
2860.096442
2804.951993
-2601.399327
16752.543746
1679.738502
578.281410
4635.771777
42.058724
-1546.628436
494.081467
4417.013619
-3096.222685
5379.643888
-424.604708
6722.005967
-2909.735181
557.687960
1718.817410
11276.339888
-16336.694959
-738.884069
7505.495038
-850.504006
-19814.670313
5443.604026
7176.320591
4302.010103
5239.683726
-8092.124663
6153.387811
-15156.582315
-2094.102748
-1413.376537
4547.325475
364.919320
-984.463450
-7563.752108
8385.226797
5.080013
3138.334911
1879.618335
365.425267
-8398.607170
5851.560062
310.599359
9327.074166
-1364.980673
1354.029907
-1799.452017
-1399.129351
2869.501888
367.744459
-196.415318
497.168703
275.304461
-214.158726
6124.048680
-3060.380112
-231.984019
8252.783531
60.953501
2013.182822
5813.468038
-6717.960509
-805.967361
3921.799261
1329.124785
-1058.321720
1416.417860
60.870863
-804.407300
547.944988
-1043.293019
1079.491488
3743.643217
-5971.979818
4400.115111
15851.906813
-1563.897553
4625.693851
-4.533194
-621.947347
-16756.697537
2926.741061
-2495.807315
-1371.415642
-3231.580509
-1110.996776
-3633.893575
128.962336
-372.703062
3.355768
1169.280194
1220.393738
-2406.152593
-16063.187716
-254.463480
2092.771419
-5949.793432
258.720158
-2068.424451
-1365.438969
-1045.974638
37957.443378
-16234.745210
3314.976832
-21.461943
-40690.045671
726.309956
-12752.924925
4697.949427
519.085190
-7248.553727
2277.030779
-482.860666
1086.292689
1983.188263
11333.968143
-7092.104635
4999.121836
14742.800624
374.608660
-1345.280749
2524.617530
33.309797
-4488.639517
-5900.515176
14.176805
2132.800988
1301.209368
-1679.294200
-257.836272
-1285.784697
5652.509617
-1117.344994
12323.653260
-104.139760
1907.906311
-9517.390421
-4911.953019
14998.748385
6532.601017
6689.003344
-125.636243
1165.106970
5738.295513
9673.846527
3369.235750
-18460.307592
2052.585286
-5849.072072
-5059.133747
8672.660151
729.456722
-4325.574231
1164.119465
2157.278935
-1028.760850
10240.595769
1467.635426
-6580.201711
-6837.505631
-722.947841
4431.011964
3335.988552
4232.164740
-38473.424652
-2703.473482
-350.661837
23758.001879
-10702.753578
5735.855207
-1018.105003
-401.775977
3375.540537
7324.047675
-526.786206
-997.028081
56947.012818
-3103.656937
-2470.398623
-1340.646361
98194.800382
3536.285864
-310.835632
3942.513044
1526.280151
2739.295192
965.581292
-639.959829
1078.950368
-1283.062475
-12693.905990
103.085772
-1580.924072
-254.027963
3323.571694
14530.000707
212.399088
-2815.696859
-7245.093998
182.955685
-3078.700210
-3434.237341
1501.447319
-1797.056527
7711.847439
263.095182
-1049.694429
-6657.111479
774.444221
-988.696300
67.239427
-6137.702039
9857.568844
1476.830028
-1308.809761
-1127.294180
-971.566837
-1149.053825
1793.743526
765.870762
-8666.181290
7845.564362
-8573.319266
9156.504543
5399.462299
401.057919
-24301.899118
905.961292
909.748219
85.510905
281.040312
12824.381871
-672.531679
-724.700891
4726.851702
118.140772
-11229.437071
-4146.569320
2052.585576
5420.025565
-4702.464786
-148.372492
3166.384017
1386.894952
-8192.492268
-6891.627700
893.009093
444.751273
246.253913
7083.322360
-5692.984178
-1266.994580
-1096.982876
884.761500
-2514.582656
-1516.541931
-4587.211515
17000.793170
1943.692321
13958.119194
-8988.000512
-3950.591534
2139.118690
-2059.167843
3174.984863
-804.247120
1387.244442
197.320898
-3996.552896
2725.021021
3063.202501
-5739.345557
-1246.489987
6272.573804
-6734.324119
4272.437552
3283.294177
659.419470
369.888745
360.075695
7771.939389
6146.266560
740.206795
8707.162162
-103.440132
4264.406618
-454.733276
164.638973
-7406.620434
36159.637997
-8814.476433
-4920.367532
-1785.816822
7352.692793
2587.350136
-2469.529752
-2529.435672
-2170.561458
2764.913285
3331.561862
573.961811
-300.729142
-4814.486541
-1131.933556
-14967.500137
1404.869654
-5247.990483
-5860.511306
225.831239
-949.593724
31221.208851
563.396982
2461.933931
-12971.818870
-1812.099471
5460.822711
-1602.576368
-13333.449113
-6562.866350
-1410.304004
-23.876539
270.183983
-4220.939221
1611.277491
-88.769965
1583.262589
1055.081804
-10565.073046
18.920383
-1420.148157
-294.593280
-17657.784991
-5201.572169
5132.578717
-1697.001133
5674.886580
-806.040552
